sent  flag   byte   raw?  plain?    F?   OBSERVED
----------------------------------------------------
   0  0x80    128    128       0    32   128 0
   1  0x80    129    129       1    33   33 1
  25  0x80    153    153      25    77   77 25
  50  0x80    178    178      50   122   122 50
 100  0x80    228    228     100   212   212 100
 127  0x80    255    255     127   260   4 127
   0    --      0      0       0    32   0 0
   1    --      1      1       1    33   1 1
  25    --     25     25      25    77   25 25
  50    --     50     50      50   122   50 50
 100    --    100    100     100   212   100 100
 127    --    127    127     127   260   127 127
